416 , 458
763 , 828
1236 , 1278
1538 , 1575
1980 , 2006
2355 , 2391
2808 , 2830
3248 , 3270
3640 , 3661
3950 , 3975
4363 , 4381
4690 , 4713
5066 , 5086
5536 , 5558
5943 , 5978
6353 , 6375
6751 , 6773
7096 , 7121
7541 , 7560
7953 , 7980
8475 , 8501
8941 , 8966
9400 , 9426
9955 , 9983
10386 , 10411
10775 , 10795
11185 , 11226
11658 , 11683
12175 , 12198
12648 , 12668
13083 , 13105
13528 , 13558
14005 , 14025
14466 , 14491
14948 , 14975
15368 , 15390
15688 , 15706
15965 , 15986
16393 , 16418
16716 , 16743
