555 , 606
1133 , 1176
1751 , 1800
2381 , 2425
3091 , 3131
3675 , 3711
4196 , 4243
4926 , 4981
5580 , 5636
6238 , 6280
6845 , 6905
7406 , 7450
8163 , 8225
8868 , 8916
9545 , 9600
10376 , 10448
11126 , 11173
11801 , 11848
12556 , 12616
13340 , 13406
14050 , 14111
14921 , 14971
15741 , 15800
16240 , 16293
17018 , 17085
17733 , 17785
18420 , 18475
19366 , 19420
20083 , 20145
20688 , 20735
21323 , 21383
22093 , 22165
22755 , 22798
23361 , 23410
23970 , 24033
24610 , 24676
25310 , 25378
25983 , 26035
26688 , 26755
27388 , 27445
