383 , 425
798 , 848
1258 , 1301
1713 , 1765
2223 , 2275
2993 , 3031
3501 , 3566
3933 , 3971
4415 , 4451
5096 , 5136
5508 , 5541
6010 , 6048
6358 , 6396
6853 , 6910
7360 , 7400
8041 , 8085
8346 , 8396
8653 , 8696
8946 , 8981
9371 , 9408
9641 , 9678
10068 , 10101
10401 , 10456
10735 , 10788
11083 , 11138
11405 , 11455
11655 , 11696
11980 , 12046
12413 , 12463
12830 , 12883
13133 , 13188
13553 , 13603
13985 , 14020
14535 , 14578
14896 , 14943
15330 , 15363
15546 , 15576
15813 , 15846
16161 , 16206
16651 , 16711
