468 , 530
1326 , 1398
1650 , 1786
2088 , 2190
2510 , 2603
2850 , 2981
3520 , 3591
3858 , 4101
4278 , 4421
4665 , 4726
5153 , 5210
5526 , 5653
5941 , 5981
6436 , 6613
6910 , 7156
7310 , 7665
7950 , 8025
8226 , 8300
8605 , 8800
9196 , 9243
9651 , 9711
10143 , 10336
10681 , 10753
11098 , 11155
11398 , 11495
12011 , 12113
12476 , 12523
13095 , 13138
13401 , 13451
13826 , 13895
14295 , 14495
14786 , 14858
15105 , 15221
15321 , 15480
15755 , 15871
16178 , 16293
16513 , 16563
16903 , 16936
17403 , 17615
17861 , 17898
