523 , 558
895 , 930
1280 , 1321
1623 , 1658
2045 , 2083
2455 , 2485
2793 , 2831
3206 , 3240
3646 , 3680
3970 , 4013
4330 , 4370
4710 , 4750
5133 , 5166
5403 , 5446
5940 , 5973
6406 , 6440
6728 , 6763
7188 , 7225
7536 , 7576
7896 , 7933
8366 , 8416
8766 , 8803
9121 , 9165
9473 , 9508
9960 , 9996
10226 , 10266
10530 , 10563
10880 , 10911
11268 , 11303
11700 , 11738
12171 , 12215
12598 , 12631
13068 , 13101
13473 , 13506
13901 , 13935
14318 , 14351
14785 , 14811
15128 , 15165
15611 , 15640
15961 , 15995
