420 , 473
838 , 888
1118 , 1183
1468 , 1571
1850 , 1940
2266 , 2428
2848 , 2970
3428 , 3531
3838 , 3975
4511 , 4585
5098 , 5176
5456 , 5538
5843 , 5943
6271 , 6335
6885 , 7036
7535 , 7638
8031 , 8123
8453 , 8600
9166 , 9253
9655 , 9810
10138 , 10226
10648 , 10705
11213 , 11326
11756 , 11875
12180 , 12305
12485 , 12740
13281 , 13405
13878 , 14045
14466 , 14576
14825 , 15013
15510 , 15678
16128 , 16236
16751 , 16803
17205 , 17290
17898 , 18023
18321 , 18406
18823 , 18890
19216 , 19308
20090 , 20173
20685 , 20833
