511 , 546
778 , 818
1045 , 1093
1401 , 1441
1735 , 1773
2058 , 2100
2526 , 2573
2776 , 2831
3205 , 3255
3490 , 3528
3810 , 3858
4156 , 4201
4716 , 4761
5111 , 5146
5493 , 5530
5881 , 5923
6286 , 6318
6616 , 6650
7003 , 7040
7471 , 7505
7926 , 7971
8531 , 8563
9045 , 9088
9433 , 9485
9910 , 9953
10371 , 10406
10826 , 10868
11461 , 11518
12021 , 12060
12470 , 12496
13123 , 13181
13621 , 13663
14115 , 14145
14505 , 14538
15191 , 15261
15800 , 15841
16370 , 16405
17025 , 17061
17676 , 17718
18408 , 18440
