436 , 515
1020 , 1120
1516 , 1611
1946 , 2035
2675 , 2763
3158 , 3251
3623 , 3721
4056 , 4166
4388 , 4626
5023 , 5131
5466 , 5585
5893 , 6100
6600 , 6686
6993 , 7095
7528 , 7628
7961 , 8048
8363 , 8488
8756 , 8875
9231 , 9343
9620 , 9733
10038 , 10150
10478 , 10566
10860 , 10948
11393 , 11475
11853 , 11988
12265 , 12395
12730 , 12825
13100 , 13233
13483 , 13690
13976 , 14098
14486 , 14586
14945 , 15035
15360 , 15458
15816 , 15891
16263 , 16403
16778 , 16881
17445 , 17546
17998 , 18098
18446 , 18585
18958 , 19085
