538 , 596
683 , 803
1068 , 1143
1415 , 1506
1763 , 1830
2148 , 2245
2608 , 2678
3028 , 3086
3483 , 3615
3918 , 4016
4370 , 4446
4781 , 4843
5195 , 5276
5636 , 5716
6068 , 6148
6550 , 6630
6980 , 7055
7350 , 7416
7730 , 7805
8138 , 8188
8608 , 8675
9010 , 9098
9433 , 9516
9858 , 9913
10393 , 10450
10733 , 10790
11173 , 11263
11600 , 11666
12216 , 12275
12620 , 12725
13125 , 13256
13616 , 13730
14123 , 14208
14508 , 14581
14950 , 15016
15380 , 15450
15785 , 15866
16266 , 16333
16686 , 16751
17066 , 17126
